1.390185479780854649e+01
3.033448550031816016e+00
2.752286567016787977e+00
2.656001582022865293e+00
2.593305208061170930e+00
2.539740282361730994e+00
2.489078261615608412e+00
2.439408137224943651e+00
2.390089215026078406e+00
2.340904016676573551e+00
2.291789582483166221e+00
2.242744965600917073e+00
2.193797333728853438e+00
2.144988604485113193e+00
2.096369477225719535e+00
2.047996165041164218e+00
1.999928135915147509e+00
1.952226276004763728e+00
1.904951297351569428e+00
1.858162358771124678e+00
1.811915912627082070e+00
1.766264793810403688e+00
1.721257555994122557e+00
1.676938045352084572e+00
1.633345188631723621e+00
1.590512963047900463e+00
1.548470510562641733e+00
1.507242358394743631e+00
1.466848710181750670e+00
1.427305777002585874e+00
1.388626123398267298e+00
1.350819009712002750e+00
1.313890717861643243e+00
1.277844852656450092e+00
1.242682614788495954e+00
1.208403044640071977e+00
1.175003238132246830e+00
1.142478537135842354e+00
1.110822697637114720e+00
1.080028039056951883e+00
1.050085578008018050e+00
1.020985149458546459e+00
9.927155178477751196e-01
9.652644802354034548e-01
9.386189631135047895e-01
9.127651140943588981e-01
8.876883893285624216e-01
8.633736372114767521e-01
8.398051787026918902e-01
8.169668844084377879e-01
2.765909178387937484e-02
