9.779284769618632467e+00
4.179958911953550960e+00
3.212628089564451006e+00
2.781939232574513809e+00
2.521983696361398408e+00
2.317483164400497841e+00
2.140868130341873954e+00
1.984310588985534807e+00
1.844338086451177805e+00
1.718717435254832893e+00
1.605697625090467984e+00
1.503788222428892984e+00
1.411693541447843536e+00
1.328286516684635821e+00
1.252585864633001478e+00
1.183731285334008287e+00
1.120961515703425393e+00
1.063599520962807965e+00
1.011044783556032556e+00
9.627693681274925863e-01
9.183140418425477236e-01
8.772823295082267103e-01
8.393323255945465133e-01
8.041673595907686822e-01
7.715269910867805780e-01
7.411794933070362523e-01
7.129163281032779853e-01
6.865484872314184805e-01
6.619042068756151309e-01
6.388274911054413474e-01
6.171770013305254432e-01
5.968250494395513917e-01
5.776565842351084612e-01
5.595681544049053713e-01
5.424668735082945892e-01
5.262694221302972597e-01
5.109011162768261061e-01
4.962950599135952379e-01
4.823913885516624700e-01
4.691366018603405075e-01
4.564829767179175435e-01
4.443880476090864007e-01
4.328141385444576050e-01
4.217279295930687066e-01
4.111000417449204303e-01
4.009046262801192473e-01
3.911189491179152822e-01
3.817229664558678404e-01
3.726988946794458912e-01
3.640307839412161850e-01
